The following are the weights of the neural network

[[1]]
[[1]][[1]]
                 [,1]            [,2]
 [1,] -1.596067658494  -0.49121802868
 [2,]  0.282879868981   0.62615133437
 [3,]  0.891640978496   1.67171427102
 [4,] -0.180810334149  -0.20770443079
 [5,]  0.076114620986   0.09375966786
 [6,]  0.074466667962   0.27364217558
 [7,]  0.005965422075   0.06044362379
 [8,]  8.421521117211 -18.12801729179
 [9,] -0.014505495456  -0.06292129039
[10,] -0.124577772103  -0.11151530418
[11,]  0.063566159079  -0.02462634975
[12,]  0.227731103730   0.77828085719
[13,] -0.502711535128  -1.19962389896
[14,] -0.140226566262  -0.25839250351
[15,]  1.699852747771   2.78181186868
[16,] -1.650221031454  -2.79160514585
[17,]  0.503214677050   1.01764112672
[18,] -0.004113525114  -0.05895492284

[[1]][[2]]
              [,1]         [,2]          [,3]           [,4]
[1,]  0.4061193125 2.1833299611 -0.7280262291 -2.22846227104
[2,] -1.5374331300 0.1089273231 -6.3304852907 -0.09757458532
[3,] -0.7769353827 0.5507176196  0.5161084090 -0.08826780547
             [,5]          [,6]           [,7]         [,8]
[1,] -1.311551785 -0.3241168617  0.02906066514  1.490378331
[2,] -2.358275432  0.3555192687  1.18762191053 -1.157014459
[3,] 42.144763593 -1.2916009427 -0.75189915111  1.284169008
              [,9]          [,10]
[1,] -0.9431131155  0.03755051552
[2,]  1.2317234142 -1.29153343960
[3,]  1.0188651131 -1.42799382311

[[1]][[3]]
                [,1]
 [1,] -1.88253613152
 [2,] -1.05075896433
 [3,]  2.79805467674
 [4,] -0.24151847341
 [5,]  0.02069976155
 [6,]  1.02020326166
 [7,]  0.46440380780
 [8,]  1.44401957721
 [9,] -2.49507819350
[10,]  0.19710770396
[11,]  0.32456593090